/**** Start of imports. If edited, may not auto-convert in the playground. ****/
var imageCollection = ee.ImageCollection("USDA/NASS/CDL"),
    imageCollection2 = ee.ImageCollection("USDA/NASS/CDL"),
    geometry = /* color: #45d634 */ee.Geometry.MultiPolygon(
        [[[[85.96183212553774, 26.798097096962728],
           [85.9623471109893, 26.79746504012153],
           [85.96258314598788, 26.797149010380323],
           [85.96282990984992, 26.796880863242787],
           [85.96296938507635, 26.79668932918507],
           [85.96325906439279, 26.796449911158163],
           [85.96341999734636, 26.796334990325775],
           [85.96357020143637, 26.796430757694168],
           [85.96364530348137, 26.796564831874107],
           [85.96382769416209, 26.79668932918502],
           [85.9638598807528, 26.796775519551023],
           [85.9639027962071, 26.796919170015478],
           [85.96383842302566, 26.797005360206832],
           [85.96373113438995, 26.79711070368515],
           [85.96364530348137, 26.797225623731737],
           [85.96357020143637, 26.797350120317475],
           [85.96338781075565, 26.797541653259536],
           [85.96324833552933, 26.797666149498475],
           [85.96320542007504, 26.79780022221835],
           [85.96301230053075, 26.797982177799042],
           [85.96292646962218, 26.7981162501454],
           [85.96282990984992, 26.798202439427246],
           [85.96274407894134, 26.79828862864359],
           [85.96265824803288, 26.798413124062723],
           [85.96256168826062, 26.798518466233723],
           [85.9624543996249, 26.798614231758823],
           [85.96236856871633, 26.79873872682061],
           [85.9622290934899, 26.79877703296596],
           [85.96214326258132, 26.798719573743043],
           [85.96205743167275, 26.798604655209928],
           [85.96205743167275, 26.7985184662337],
           [85.96200378735489, 26.79842270062773],
           [85.96190722758274, 26.79834608808475],
           [85.96186431212845, 26.798259898912036],
           [85.96182139667417, 26.79818328625912],
           [85.96186431212845, 26.79802048419984],
           [85.96196087190071, 26.79790556495848]]],
         [[[85.13655976686482, 27.05227280711842],
           [85.136591953373, 27.05208170665231],
           [85.13650612268452, 27.051919271000205],
           [85.13650612268452, 27.05168039461401],
           [85.13650612268452, 27.05155617869218],
           [85.13652758035664, 27.051384187188795],
           [85.13649539384846, 27.051240860734598],
           [85.13645247850422, 27.05111664432616],
           [85.13654903802876, 27.051011538027034],
           [85.13672069940571, 27.051011538027034],
           [85.13682798776631, 27.051011538027034],
           [85.13683871660237, 27.051078423865153],
           [85.13686017427449, 27.051221750526853],
           [85.13688163194661, 27.051336411724417],
           [85.13694600496297, 27.051517958380888],
           [85.13705329332356, 27.05177594522952],
           [85.13707475099568, 27.051967046216422],
           [85.13707475099568, 27.052100816713573],
           [85.1369889203072, 27.052253697086467],
           [85.13692454729085, 27.05238746724185],
           [85.13679580125813, 27.052425687256946],
           [85.13660268220906, 27.052425687256946]]],
         [[[85.15500003777856, 27.079062367075906],
           [85.15494102918024, 27.079014603402584],
           [85.154898113836, 27.078952510596807],
           [85.15484983407373, 27.078895194130194],
           [85.15479618989343, 27.0788474303856],
           [85.15476936780328, 27.078761455594055],
           [85.15476936780328, 27.07867548073654],
           [85.15480155431146, 27.078594282199454],
           [85.15481228314752, 27.078513083603518],
           [85.15484983407373, 27.07842710855547],
           [85.1548444696557, 27.078317251453644],
           [85.15481764756555, 27.078236052657],
           [85.15480691872949, 27.078150077396415],
           [85.15476400338525, 27.078064102069877],
           [85.1547908254754, 27.0780115615601],
           [85.15486056290979, 27.077982903089833],
           [85.15493030034418, 27.077968573851937],
           [85.15502149545068, 27.077949468198593],
           [85.15509123288507, 27.077978126677415],
           [85.15512341939325, 27.078083207703703],
           [85.15513414822931, 27.078169183015586],
           [85.15513414822931, 27.07827426386275],
           [85.15516633473749, 27.078326804249375],
           [85.15519315682764, 27.07841755576826],
           [85.1552038856637, 27.07847487247919],
           [85.15522534333581, 27.07857040026557],
           [85.15527362309808, 27.078718468173545],
           [85.15530580960626, 27.07882354850566],
           [85.15533799611444, 27.07889997050353],
           [85.15532726727838, 27.078971616079162],
           [85.15530580960626, 27.079019379770834],
           [85.15526825868005, 27.079062367075906],
           [85.15519852124567, 27.07907669617394],
           [85.15511805497522, 27.079105354364522],
           [85.1550429531228, 27.079114907093054]]],
         [[[85.13726457672124, 27.05567291887742],
           [85.1372753055573, 27.05579235288366],
           [85.13730749206547, 27.055859235871623],
           [85.13738259391789, 27.05592611881969],
           [85.13746842460637, 27.055993001727884],
           [85.13752206878667, 27.0560551072498],
           [85.13751670436864, 27.05616976350761],
           [85.13740405159001, 27.05621753691376],
           [85.13725384788518, 27.05623186893167],
           [85.13713046627049, 27.056274864974313],
           [85.13706609325413, 27.05632741567074],
           [85.13699635581975, 27.0563560796766],
           [85.13697489814763, 27.056399075671663],
           [85.1369158895493, 27.056437294320087],
           [85.13689443187718, 27.056480290284004],
           [85.13681933002476, 27.05644684898016],
           [85.13672813491826, 27.05644684898016],
           [85.13658866004948, 27.05644684898016],
           [85.1365564735413, 27.05639429833968],
           [85.1365564735413, 27.05633219300557],
           [85.1365564735413, 27.05628919698486],
           [85.13656183795933, 27.056250978285977],
           [85.13656183795933, 27.056188872872507],
           [85.13656183795933, 27.05615543148179],
           [85.13658866004948, 27.05609332601542],
           [85.13657793121342, 27.0560551072498],
           [85.13657793121342, 27.05597389232963],
           [85.13657793121342, 27.055907009410035],
           [85.13654038028722, 27.05584968116148],
           [85.13661548213963, 27.055816239669646],
           [85.13672813491826, 27.05579235288366],
           [85.1368246944428, 27.055768466092587],
           [85.13693734722142, 27.055744579296423],
           [85.13705000000004, 27.055715915134307],
           [85.13715192394261, 27.05569202832697],
           [85.137221661377, 27.05566336415142]]],
         [[[85.16931892261505, 27.001214476663765],
           [85.16910434589386, 27.001080645548605],
           [85.16897559986114, 27.00085122040919],
           [85.16880393848419, 27.000660032435412],
           [85.16863227710724, 27.00046884413658],
           [85.16882539615631, 27.000354131001245],
           [85.16897559986114, 27.0004497252888],
           [85.16908288822174, 27.000602675979895],
           [85.16927600727081, 27.000703049757853],
           [85.16936183795929, 27.000851220409192],
           [85.16947985515594, 27.00093725489132],
           [85.16956568584442, 27.00101850961957],
           [85.1696890674591, 27.001109323658113],
           [85.16982317790985, 27.00120013762333],
           [85.16993583068847, 27.001238375060435],
           [85.17008603439331, 27.001238375060435],
           [85.17024160251617, 27.001219256343507],
           [85.17033279762268, 27.001195357942773],
           [85.17056883201599, 27.001142781443317],
           [85.17065466270446, 27.001080645548605],
           [85.17077267990112, 27.00104718774493],
           [85.17083705291748, 27.00100417055414],
           [85.1708960615158, 27.000942034582845],
           [85.17101407871246, 27.000822542233834],
           [85.17115355358123, 27.000774745258674],
           [85.17122865543365, 27.000870339188683],
           [85.17127157077789, 27.000985051797404],
           [85.17131448612213, 27.001051967431774],
           [85.17141104564666, 27.001138001760317],
           [85.17144859657287, 27.001262273452006],
           [85.17148078308105, 27.001357866967524],
           [85.17148078308105, 27.001405663694833],
           [85.1714164100647, 27.001463019740747],
           [85.17130375728607, 27.00151081642334],
           [85.17123401985168, 27.001534714757003],
           [85.1710569940567, 27.001606409727568],
           [85.17098725662231, 27.001587291073214],
           [85.17090142593383, 27.001606409727568],
           [85.17083168849945, 27.001649426687955],
           [85.17067075595855, 27.001673324992154],
           [85.1705527387619, 27.001682884312427],
           [85.17046690807342, 27.00168288431243],
           [85.1703542552948, 27.001682884312427],
           [85.17025233135223, 27.00170678260952],
           [85.17013431415558, 27.001706782609524],
           [85.16997874603271, 27.00169244363188],
           [85.16992510185241, 27.001630308040927],
           [85.16980708465576, 27.001639867364833],
           [85.16973734722137, 27.001702002950513],
           [85.16966224536895, 27.001749799531527],
           [85.16956032142639, 27.001788036781694],
           [85.16951204166412, 27.001644647026488],
           [85.16949594841003, 27.001515596090492],
           [85.16942621097564, 27.001400884023]]],
         [[[85.14214429626463, 26.96865936097267],
           [85.14234814414976, 26.96863067459161],
           [85.14264855155943, 26.968592426072153],
           [85.1427880264282, 26.968582863940245],
           [85.14298114547728, 26.96855417753969],
           [85.14322790870665, 26.96850636685586],
           [85.14343175659178, 26.968468118294165],
           [85.14366779098509, 26.968544615404554],
           [85.14382872352598, 26.96866892309806],
           [85.14402184257506, 26.968611550333492],
           [85.14423641929625, 26.96860198820322],
           [85.14438662300108, 26.968535053268603],
           [85.14470848808287, 26.96848724257663],
           [85.1449659801483, 26.968420307573798],
           [85.14509472618101, 26.968343810378958],
           [85.1454702354431, 26.96828643744875],
           [85.145813558197, 26.968152567164548],
           [85.14616760978697, 26.968085631962765],
           [85.14627489814757, 26.968401183279962],
           [85.14636072883604, 26.968678485222664],
           [85.14633927116392, 26.9688410412164],
           [85.14630708465575, 26.968965348582667],
           [85.14625344047545, 26.96913746624789],
           [85.14619979629515, 26.969300021579],
           [85.14606032142638, 26.969300021579],
           [85.14583501586912, 26.969319145720174],
           [85.14559898147581, 26.969319145720174],
           [85.14535221824644, 26.96933826985811],
           [85.14505181083678, 26.969386080188723],
           [85.14488014945982, 26.969386080188723],
           [85.14468703041075, 26.96941476637732],
           [85.1444617248535, 26.969443452558643],
           [85.14438662300108, 26.969319145720174],
           [85.14416131744383, 26.96933826985811],
           [85.14393601188658, 26.969347831925848],
           [85.14372143516539, 26.969405204315287],
           [85.14359268913267, 26.969453014617446],
           [85.14337811241148, 26.96948170078903],
           [85.14320645103453, 26.96947213873264],
           [85.14299187431334, 26.969529511058724],
           [85.14274511108397, 26.96958688335557],
           [85.14245543251036, 26.969606007448014],
           [85.14227304229735, 26.969625131537228],
           [85.14206919441222, 26.969625131537228],
           [85.14189753303526, 26.969625131537228],
           [85.14182243118285, 26.969433890499026],
           [85.14185461769102, 26.969300021579],
           [85.14196190605162, 26.969194838744503],
           [85.14190826187132, 26.969051407448177],
           [85.14189753303526, 26.968927100176895],
           [85.14187607536314, 26.968812354881624],
           [85.14192971954344, 26.968678485222664]]],
         [[[85.14501852335002, 26.984895099128927],
           [85.14501718224551, 26.98487597763395],
           [85.14501047672297, 26.984846100291517],
           [85.14500645340945, 26.984816222941173],
           [85.1449970656779, 26.984785150488392],
           [85.14498767794635, 26.984760053501017],
           [85.14497560800578, 26.98472181046189],
           [85.14496890248324, 26.984701493842092],
           [85.14493403376605, 26.98467520174041],
           [85.14493135155703, 26.98464412924868],
           [85.14497024358775, 26.984633373384145],
           [85.14506546200778, 26.98462381261484],
           [85.14508557857539, 26.984627397903424],
           [85.14510167182948, 26.984639348864558],
           [85.14512178839709, 26.984660860591436],
           [85.14512715281512, 26.98468356740978],
           [85.14514324606921, 26.984712249700088],
           [85.14514592827823, 26.984745712362887],
           [85.14515129269626, 26.984776784826554],
           [85.14515531600978, 26.984793516149594],
           [85.14516068042781, 26.984817418035327],
           [85.14516336263682, 26.98483653954028],
           [85.14516738595034, 26.98486761197888],
           [85.14516738595034, 26.98489390403558],
           [85.14514726938273, 26.98489390403558],
           [85.14509362520243, 26.984895099128927],
           [85.14506680311229, 26.984895099128927],
           [85.14503059329058, 26.984895099128927]]],
         [[[85.23800238578474, 27.029500115063264],
           [85.23805602996504, 27.029519228969257],
           [85.23812576739942, 27.02955745677152],
           [85.23819014041578, 27.029590906087822],
           [85.23830815761244, 27.029586127614657],
           [85.23838862388288, 27.02956701372004],
           [85.23843153922712, 27.02960524150602],
           [85.23842617480909, 27.02968169703897],
           [85.23833497970259, 27.029715146318253],
           [85.23825987785017, 27.029782044846943],
           [85.23818477599775, 27.029805937168952],
           [85.23809894530928, 27.029863278721056],
           [85.23811235635435, 27.029903895636107],
           [85.23813113181745, 27.029968404823872],
           [85.23815258948957, 27.030018578611003],
           [85.23817136495268, 27.03008069850684],
           [85.23820086925184, 27.03014520759306],
           [85.23821964471495, 27.030190602853747],
           [85.23825183122312, 27.03025989032153],
           [85.23827328889524, 27.030314842420765],
           [85.23823573796903, 27.030329177746573],
           [85.23823573796903, 27.030376962152737],
           [85.2382666729618, 27.03042393915451],
           [85.23825594412574, 27.03049083726097],
           [85.23825594412574, 27.03054340003094],
           [85.23817011343726, 27.030552956895566],
           [85.23810037600288, 27.030552956895566],
           [85.23805746065864, 27.03049083726097],
           [85.23805746065864, 27.03042393915451],
           [85.23800918089637, 27.03034270568593],
           [85.23799845206031, 27.03026625060301],
           [85.23792871462592, 27.030175460124415],
           [85.23790189253577, 27.030099004927653],
           [85.23785897719154, 27.0300416634959],
           [85.23785897719154, 27.029974765121864],
           [85.23784288393745, 27.029888752868096],
           [85.23778923975715, 27.029778848225778],
           [85.23778923975715, 27.02969283582199],
           [85.23783751951942, 27.02961638029664],
           [85.2378160618473, 27.029525589292664],
           [85.23789652811774, 27.029492139956925]]],
         [[[85.24034513108177, 26.95045871037669],
           [85.24033708445472, 26.950504137804412],
           [85.24033976666374, 26.95057108345401],
           [85.24033172003669, 26.95062129266509],
           [85.24031830899162, 26.950700192808757],
           [85.24031830899162, 26.95076474743065],
           [85.24031830899162, 26.950846038383407],
           [85.24032903782768, 26.950920156553927],
           [85.24028880469245, 26.950936892908246],
           [85.24020297400398, 26.95094406563079],
           [85.24016542307777, 26.950924938369702],
           [85.24016005865974, 26.950860383839558],
           [85.24011982552452, 26.950853211111728],
           [85.24002863041801, 26.950848429292897],
           [85.23996157519264, 26.950857992930327],
           [85.23995889298362, 26.950829302015574],
           [85.23998571507377, 26.950697801896116],
           [85.23999644390983, 26.950623683579366],
           [85.24002863041801, 26.950516092387616],
           [85.24006081692619, 26.950408501093168],
           [85.24013860098762, 26.950408501093168],
           [85.24019492737693, 26.950432410278584],
           [85.24026466481132, 26.95041328293065],
           [85.24034244887275, 26.950408501093168]]],
         [[[85.110225274139, 26.887491434325412],
           [85.11019845204885, 26.88741966673518],
           [85.11015553670461, 26.88731919203229],
           [85.11010725694234, 26.887213932723924],
           [85.11004824834401, 26.887094319754485],
           [85.1100106974178, 26.886993844762294],
           [85.10995168881948, 26.886859877967087],
           [85.10992486672933, 26.88674026462288],
           [85.10992486672933, 26.886678065633852],
           [85.10997851090963, 26.886630220234366],
           [85.11003751950796, 26.886601512984978],
           [85.11016090112264, 26.88656323664108],
           [85.11019308763082, 26.886615866610576],
           [85.11024673181112, 26.886697203787957],
           [85.11028428273733, 26.886764187301857],
           [85.1103164692455, 26.886826386243484],
           [85.11038620667989, 26.88692207685604],
           [85.1104237576061, 26.887022551912047],
           [85.11046667295034, 26.887118242358504],
           [85.11050422387655, 26.887199579174272],
           [85.11052031713064, 26.88725699336193],
           [85.11055250363881, 26.887328761055464],
           [85.11055786805684, 26.887429235749835],
           [85.11062760549123, 26.88755363286672],
           [85.1106222410732, 26.887615831373804],
           [85.11050958829458, 26.887634969369113],
           [85.11035938458974, 26.887634969369113],
           [85.11034865575368, 26.887577555373515],
           [85.1102628250652, 26.887572770872563]]],
         [[[85.07100658682884, 27.011874253985134],
           [85.07099719909729, 27.011853942270086],
           [85.07097708252968, 27.011820487672587],
           [85.07097574142517, 27.011789422680298],
           [85.07096769479813, 27.011760747295178],
           [85.07095830706658, 27.01173924075153],
           [85.07099183467926, 27.01173924075153],
           [85.07102268008293, 27.011727292669946],
           [85.07103877333702, 27.011706980928334],
           [85.07104145554604, 27.01168069513964],
           [85.0710709598452, 27.01166396781636],
           [85.07108302978577, 27.011654409344793],
           [85.07110851077141, 27.01162931835307],
           [85.07113130954804, 27.01162453911591],
           [85.07115679053368, 27.011634097590026],
           [85.07113935617508, 27.011646045681513],
           [85.07114472059311, 27.01166755224299],
           [85.07117154268326, 27.011684279565735],
           [85.07118227151932, 27.011708175736775],
           [85.07115679053368, 27.011733266710888],
           [85.07115410832466, 27.011760747295178],
           [85.07117020157875, 27.01178105902707],
           [85.07115008501114, 27.011809734407],
           [85.07113667396607, 27.011825266901425],
           [85.07112058071198, 27.011839604586672],
           [85.07109644083084, 27.011846773428605],
           [85.07106559542717, 27.011853942270086],
           [85.07104279665054, 27.01185872149747]]],
         [[[85.13581447304091, 27.050776746005038],
           [85.13599686325392, 27.050728970281995],
           [85.13620071113905, 27.05068119453862]]],
         [[[85.13741843403182, 27.049221991572267],
           [85.13751499355635, 27.049355765342128],
           [85.13755790890059, 27.049594646677395],
           [85.13759009540877, 27.049776196152063],
           [85.13771884144148, 27.049976855756025],
           [85.13764373958907, 27.050110628625944],
           [85.13754718006453, 27.050253956523914],
           [85.13746134937605, 27.05031128763184],
           [85.13733260334334, 27.05031128763184],
           [85.13720385731062, 27.050339953174827],
           [85.13709656895003, 27.050473725611855],
           [85.13703219593367, 27.050578832414814],
           [85.13690344990096, 27.050521501443576],
           [85.13674251736006, 27.050511946278867],
           [85.13652794063887, 27.050521501443576],
           [85.13639919460616, 27.050559722094324],
           [85.13629190624556, 27.050636163356742],
           [85.13615243137679, 27.050683939119303],
           [85.13595931232771, 27.05073171486151],
           [85.13580910862288, 27.050789045725324],
           [85.1356696337541, 27.050722159714713],
           [85.13561598957381, 27.05056927725496],
           [85.13557307422957, 27.05033039799462],
           [85.13553015888533, 27.050167959807105],
           [85.13547651470503, 27.050015076592267],
           [85.13539068401656, 27.04982397228079],
           [85.13542287052474, 27.049680643833582],
           [85.13557307422957, 27.049623312403455],
           [85.13569109142622, 27.049613757162255],
           [85.13590566814742, 27.049499094204315],
           [85.13609878719649, 27.04947042844653],
           [85.13619534672102, 27.049441762681415],
           [85.13642065227828, 27.049365320605308],
           [85.13653866947493, 27.04931754428132],
           [85.13672105968794, 27.049307989014068],
           [85.13703219593367, 27.049269767936945],
           [85.13724677265486, 27.049212436296873]]],
         [[[85.13415948775605, 27.049795500094156],
           [85.13432042029694, 27.049795500094156],
           [85.13456718352631, 27.049833720992204],
           [85.13468520072297, 27.04998660445413],
           [85.13481394675568, 27.04996749403278],
           [85.13498560813264, 27.04989105231483],
           [85.13515726950959, 27.049805055319883],
           [85.13523237136201, 27.049719058259036],
           [85.1353933039029, 27.049862386657196],
           [85.13543621924714, 27.050053490903224],
           [85.1354469480832, 27.050215929256463],
           [85.13546840575532, 27.05029237075309],
           [85.13554350760774, 27.050426143246867],
           [85.13561860946015, 27.050655467150882],
           [85.13569371131257, 27.050789239211767],
           [85.13581172850922, 27.05088479058621],
           [85.13590828803376, 27.050980341879253],
           [85.13576881316499, 27.051037672616022],
           [85.13566152480439, 27.051085448207623],
           [85.13543621924714, 27.051133223778862],
           [85.13523237136201, 27.05120010954447],
           [85.13507143882111, 27.051228774860363],
           [85.13493196395234, 27.051247885066886],
           [85.13474957373933, 27.051257440168953],
           [85.13465301421479, 27.05126699527018],
           [85.13450281050996, 27.051190554437543],
           [85.13430969146089, 27.051123668666264],
           [85.13421313193635, 27.0510950033235],
           [85.13407365706757, 27.051037672616022],
           [85.1339878263791, 27.05091345598266],
           [85.13397709754304, 27.050789239211767],
           [85.13396636870698, 27.050636356843448],
           [85.13389126685456, 27.050435698418905],
           [85.13389126685456, 27.050301925936505],
           [85.13381616500214, 27.050063046106988],
           [85.13381616500214, 27.049881497096433]]]]);
