/**** Start of imports. If edited, may not auto-convert in the playground. ****/
var kray = /* color: #002233 */ee.Geometry.Polygon(
        [[[90.82899310763275, 51.95546120703716],
          [91.47194505107652, 51.86365259283939],
          [92.57786635586746, 51.83596768735114],
          [93.79750726446932, 52.4684796268064],
          [95.33121603389723, 53.48207523324127],
          [96.66790531336798, 53.573990315400245],
          [95.85535021592533, 54.254718303914075],
          [96.55552584017354, 54.569175108087315],
          [96.6980763343741, 55.31180636103449],
          [96.95235117250729, 55.89662772338533],
          [97.63233374240423, 56.472143144559745],
          [97.27835406692482, 57.172734261888884],
          [97.67369673447777, 57.48595391693085],
          [97.81009801153313, 57.822231585426564],
          [98.85558760769119, 57.75177164700424],
          [99.39052513278266, 57.80135102039015],
          [99.79797177798015, 58.0829722342953],
          [100.13775160554961, 57.93076785124838],
          [100.29913659827257, 57.708038530297195],
          [100.85450694357188, 57.43368075460124],
          [100.97913636567381, 57.97528131337728],
          [101.11046266583132, 58.24467096445701],
          [101.6411717675178, 58.397720580610994],
          [102.45584024189228, 58.73101332795871],
          [102.4090654541291, 59.146545250185014],
          [102.93798147284845, 59.358495289315066],
          [104.14675601507425, 58.78979463256457],
          [104.69613604831625, 58.74103873689851],
          [105.25046489332965, 59.09918789276456],
          [104.86218575418296, 59.74776596584397],
          [105.41161215282666, 60.01377298794386],
          [104.64123060199825, 60.410645752432515],
          [104.82010203149561, 61.25376461772858],
          [105.81575039073499, 61.797755684839046],
          [106.46194577108089, 62.39197663037811],
          [106.10497769843947, 63.0023684461475],
          [106.40356309560688, 63.27886224077576],
          [106.82437287925293, 63.870422061868446],
          [108.7133427748595, 63.90248871010892],
          [108.58769001291043, 64.28673943795981],
          [107.11062976437782, 64.38672187647907],
          [105.91519938532787, 64.51085526972956],
          [106.09670462110076, 65.04220950115067],
          [106.82297275852781, 65.53508958109461],
          [106.17710130793985, 66.16056083184797],
          [105.65320076706291, 66.97643028501717],
          [106.65333759600561, 67.3142669803308],
          [106.9153569724357, 68.8453757545812],
          [106.37342498655873, 69.41454053022937],
          [109.21107983844564, 69.8411065135964],
          [110.08856778118077, 70.69588008077207],
          [112.46638136186674, 71.07387697199587],
          [112.11390947451228, 71.4022394433013],
          [111.96342485240261, 72.13508297582922],
          [111.0801036371151, 72.4953212104897],
          [110.66223679476877, 73.07926861183662],
          [111.4620691084494, 73.97891031490981],
          [109.8888707407158, 73.94309320597648],
          [109.39183325401125, 73.63377332976701],
          [105.90332444576336, 72.97838884857593],
          [108.45399311236552, 73.79795783308892],
          [111.59750258550993, 74.67282891230828],
          [113.62146887657059, 75.24403482283776],
          [113.86536282439995, 75.89071000826078],
          [112.25535375763674, 76.64160197064963],
          [108.80278158315683, 76.69812294204276],
          [106.51424195010561, 76.53959528088588],
          [107.12071644981488, 76.99898346900265],
          [106.02030957005758, 77.14322202589696],
          [104.54096206859532, 77.10198070288683],
          [105.87108250421471, 77.32416775096002],
          [105.8272796706323, 77.49302812811804],
          [104.19587096977473, 77.65345178051336],
          [102.38097770069976, 77.41905899660914],
          [101.17410248311165, 76.96467793118511],
          [101.02044474887174, 76.46382102857977],
          [99.19248998811386, 76.46987895953978],
          [99.8398803446245, 76.12274868212545],
          [98.25091185121222, 76.15088673569502],
          [96.01789963703048, 75.91764880080244],
          [96.65170064988395, 76.30803065544589],
          [93.6690083192718, 76.10991223476952],
          [93.4850237337752, 75.87073482969546],
          [88.93866015354806, 75.37129379967159],
          [85.97907944377727, 74.81345323915282],
          [86.51840445660737, 74.22231072921747],
          [84.81032251279125, 73.7726871725641],
          [80.51698388693006, 73.47563386029594],
          [80.85890120160344, 72.51986853902382],
          [83.2766655222963, 71.80712040524969],
          [83.65137453029935, 70.67269967041797],
          [82.93283959967984, 70.21490938846522],
          [82.45569991844829, 71.39652883228986],
          [83.04279140088684, 71.70703078433952],
          [81.07978341498031, 71.91689018642177],
          [80.18683879856405, 72.22463721995246],
          [78.56409050226178, 72.30903146754613],
          [79.96526313050359, 71.96015568304216],
          [80.12392690883804, 71.62120426761275],
          [79.32581800414147, 71.36476464466021],
          [79.8244706810126, 71.15549023941303],
          [80.53290665116859, 71.04351133101106],
          [80.78695980204995, 70.54770518284418],
          [80.2913254088032, 70.41140530537425],
          [79.02642316399117, 69.91210612451007],
          [79.68178126114587, 69.42683637835549],
          [80.44879100389751, 69.30771199402814],
          [80.95362369149217, 69.20864241490376],
          [81.66726960504262, 69.25934584739065],
          [81.76992327467906, 69.43341208808644],
          [82.46777127886526, 69.13436621471247],
          [82.76246324544711, 68.391916145352],
          [82.47914093044879, 67.94174676391799],
          [81.80981768663614, 67.93367567575314],
          [82.22238102988328, 67.61376244889973],
          [82.18980835913341, 67.22663366128188],
          [83.13425800565538, 66.78947037102],
          [83.12547832921544, 66.46561833270093],
          [83.51234495709463, 66.18092513898632],
          [83.21097612098396, 66.0152487465118],
          [83.52474385020237, 65.77806807856253],
          [84.14246946173911, 65.75607958133698],
          [84.34287167443865, 65.5877696213371],
          [84.62023004389906, 65.3108604993712],
          [84.26347838249256, 64.92656878932848],
          [85.03104247153318, 64.87897292974957],
          [85.76111836991043, 64.81967888538624],
          [85.92478052457116, 64.11007038469738],
          [85.17024529182254, 63.571935332995025],
          [85.53614165689926, 62.9090540573083],
          [84.5032754629835, 62.21647419209604],
          [84.7636815707334, 61.7585938951114],
          [85.58105213237152, 61.59233228108918],
          [85.95336879406906, 61.43517765053893],
          [85.5786281664348, 61.25700689973058],
          [84.822768254993, 61.05347918825399],
          [84.295424504993, 60.89997039844079],
          [84.48878428232435, 60.64247106931861],
          [84.822768254993, 60.4089487201635],
          [84.57667490732435, 60.17373822081763],
          [84.84034678232435, 59.97203615604727],
          [86.3349568431476, 59.94563623328604],
          [86.8447227363685, 59.87513343638122],
          [87.14355099547895, 59.75139264090027],
          [87.5302698795894, 59.60051756520817],
          [87.91698876369985, 59.251819179708896],
          [88.46191037047895, 59.2608049520021],
          [88.77831715692075, 59.03544540810984],
          [88.33339537853426, 58.85357069811605],
          [87.87304345119985, 58.53359860031814],
          [87.98587910753147, 58.23043853698349],
          [88.24076406579869, 58.125007418321466],
          [89.28666196685688, 57.857136252430735],
          [88.62193542664382, 57.10807719049021],
          [88.67142759185688, 56.525131420428366],
          [89.02299009185688, 56.23314568405338],
          [89.30423848253147, 55.899516794065526],
          [88.64505879503147, 55.333014666744496],
          [89.45365361791508, 55.13253888370474],
          [90.12162290435688, 55.13253888370474],
          [91.35209165435688, 54.13553386914507],
          [91.84427969079869, 53.53390437773325],
          [91.45755879503147, 52.923603771708756],
          [90.57865254503147, 52.15384472881176],
          [90.82899310763275, 51.95546120703716]]]),
    bounds = /* color: #0b4a8b */ee.Geometry.Polygon(
        [[[74.26689033795688, 48.87175789884792],
          [117.86064033795688, 48.87175789884792],
          [117.86064033795688, 78.71841100937537],
          [74.26689033795688, 78.71841100937537],
          [74.26689033795688, 48.87175789884792]]]);
/***** End of imports. If edited, may not auto-convert in the playground. *****/

var gfs = ee.ImageCollection('COPERNICUS/S5P/NRTI/L3_NO2')
          .select('NO2_column_number_density');
var gfs_tempr_sub = gfs.filterDate('2019-12-05','2019-12-12').limit(100);

function clipBorder(image) {
 return image.clip(kray);
}

// параметры визуализации с пользовательской цветовой палитрой
var vis_params = {
   min: 0,
  max: 0.0002,
  palette: ['black', 'blue', 'purple', 'cyan', 'green', 'yellow', 'red'],
 region: bounds
};
// анимация с применением пользовательских параметров
var animation = ui.Thumbnail(gfs_tempr_sub.map(clipBorder), vis_params);

// вывод анимации в консоль
print(animation);
