/**** Start of imports. If edited, may not auto-convert in the playground. ****/
var imageCollection = ee.ImageCollection("USDA/NASS/CDL"),
    imageCollection2 = ee.ImageCollection("USDA/NASS/CDL"),
    geometry = /* color: #d60bb4 */ee.Geometry.MultiPolygon(
        [[[[85.96183212553774, 26.798097096962728],
           [85.9623471109893, 26.79746504012153],
           [85.96258314598788, 26.797149010380323],
           [85.96282990984992, 26.796880863242787],
           [85.96296938507635, 26.79668932918507],
           [85.96325906439279, 26.796449911158163],
           [85.96341999734636, 26.796334990325775],
           [85.96357020143637, 26.796430757694168],
           [85.96364530348137, 26.796564831874107],
           [85.96382769416209, 26.79668932918502],
           [85.9638598807528, 26.796775519551023],
           [85.9639027962071, 26.796919170015478],
           [85.96383842302566, 26.797005360206832],
           [85.96373113438995, 26.79711070368515],
           [85.96364530348137, 26.797225623731737],
           [85.96357020143637, 26.797350120317475],
           [85.96338781075565, 26.797541653259536],
           [85.96324833552933, 26.797666149498475],
           [85.96320542007504, 26.79780022221835],
           [85.96301230053075, 26.797982177799042],
           [85.96292646962218, 26.7981162501454],
           [85.96282990984992, 26.798202439427246],
           [85.96274407894134, 26.79828862864359],
           [85.96265824803288, 26.798413124062723],
           [85.96256168826062, 26.798518466233723],
           [85.9624543996249, 26.798614231758823],
           [85.96236856871633, 26.79873872682061],
           [85.9622290934899, 26.79877703296596],
           [85.96214326258132, 26.798719573743043],
           [85.96205743167275, 26.798604655209928],
           [85.96205743167275, 26.7985184662337],
           [85.96200378735489, 26.79842270062773],
           [85.96190722758274, 26.79834608808475],
           [85.96186431212845, 26.798259898912036],
           [85.96182139667417, 26.79818328625912],
           [85.96186431212845, 26.79802048419984],
           [85.96196087190071, 26.79790556495848]]],
         [[[85.13655976686482, 27.05227280711842],
           [85.136591953373, 27.05208170665231],
           [85.13650612268452, 27.051919271000205],
           [85.13650612268452, 27.05168039461401],
           [85.13650612268452, 27.05155617869218],
           [85.13652758035664, 27.051384187188795],
           [85.13649539384846, 27.051240860734598],
           [85.13645247850422, 27.05111664432616],
           [85.13654903802876, 27.051011538027034],
           [85.13672069940571, 27.051011538027034],
           [85.13682798776631, 27.051011538027034],
           [85.13683871660237, 27.051078423865153],
           [85.13686017427449, 27.051221750526853],
           [85.13688163194661, 27.051336411724417],
           [85.13694600496297, 27.051517958380888],
           [85.13705329332356, 27.05177594522952],
           [85.13707475099568, 27.051967046216422],
           [85.13707475099568, 27.052100816713573],
           [85.1369889203072, 27.052253697086467],
           [85.13692454729085, 27.05238746724185],
           [85.13679580125813, 27.052425687256946],
           [85.13660268220906, 27.052425687256946]]],
         [[[85.15500003777856, 27.079062367075906],
           [85.15494102918024, 27.079014603402584],
           [85.154898113836, 27.078952510596807],
           [85.15484983407373, 27.078895194130194],
           [85.15479618989343, 27.0788474303856],
           [85.15476936780328, 27.078761455594055],
           [85.15476936780328, 27.07867548073654],
           [85.15480155431146, 27.078594282199454],
           [85.15481228314752, 27.078513083603518],
           [85.15484983407373, 27.07842710855547],
           [85.1548444696557, 27.078317251453644],
           [85.15481764756555, 27.078236052657],
           [85.15480691872949, 27.078150077396415],
           [85.15476400338525, 27.078064102069877],
           [85.1547908254754, 27.0780115615601],
           [85.15486056290979, 27.077982903089833],
           [85.15493030034418, 27.077968573851937],
           [85.15502149545068, 27.077949468198593],
           [85.15509123288507, 27.077978126677415],
           [85.15512341939325, 27.078083207703703],
           [85.15513414822931, 27.078169183015586],
           [85.15513414822931, 27.07827426386275],
           [85.15516633473749, 27.078326804249375],
           [85.15519315682764, 27.07841755576826],
           [85.1552038856637, 27.07847487247919],
           [85.15522534333581, 27.07857040026557],
           [85.15527362309808, 27.078718468173545],
           [85.15530580960626, 27.07882354850566],
           [85.15533799611444, 27.07889997050353],
           [85.15532726727838, 27.078971616079162],
           [85.15530580960626, 27.079019379770834],
           [85.15526825868005, 27.079062367075906],
           [85.15519852124567, 27.07907669617394],
           [85.15511805497522, 27.079105354364522],
           [85.1550429531228, 27.079114907093054]]],
         [[[85.13726457672124, 27.05567291887742],
           [85.1372753055573, 27.05579235288366],
           [85.13730749206547, 27.055859235871623],
           [85.13738259391789, 27.05592611881969],
           [85.13746842460637, 27.055993001727884],
           [85.13752206878667, 27.0560551072498],
           [85.13751670436864, 27.05616976350761],
           [85.13740405159001, 27.05621753691376],
           [85.13725384788518, 27.05623186893167],
           [85.13713046627049, 27.056274864974313],
           [85.13706609325413, 27.05632741567074],
           [85.13699635581975, 27.0563560796766],
           [85.13697489814763, 27.056399075671663],
           [85.1369158895493, 27.056437294320087],
           [85.13689443187718, 27.056480290284004],
           [85.13681933002476, 27.05644684898016],
           [85.13672813491826, 27.05644684898016],
           [85.13658866004948, 27.05644684898016],
           [85.1365564735413, 27.05639429833968],
           [85.1365564735413, 27.05633219300557],
           [85.1365564735413, 27.05628919698486],
           [85.13656183795933, 27.056250978285977],
           [85.13656183795933, 27.056188872872507],
           [85.13656183795933, 27.05615543148179],
           [85.13658866004948, 27.05609332601542],
           [85.13657793121342, 27.0560551072498],
           [85.13657793121342, 27.05597389232963],
           [85.13657793121342, 27.055907009410035],
           [85.13654038028722, 27.05584968116148],
           [85.13661548213963, 27.055816239669646],
           [85.13672813491826, 27.05579235288366],
           [85.1368246944428, 27.055768466092587],
           [85.13693734722142, 27.055744579296423],
           [85.13705000000004, 27.055715915134307],
           [85.13715192394261, 27.05569202832697],
           [85.137221661377, 27.05566336415142]]],
         [[[85.16931892261505, 27.001214476663765],
           [85.16910434589386, 27.001080645548605],
           [85.16897559986114, 27.00085122040919],
           [85.16880393848419, 27.000660032435412],
           [85.16863227710724, 27.00046884413658],
           [85.16882539615631, 27.000354131001245],
           [85.16897559986114, 27.0004497252888],
           [85.16908288822174, 27.000602675979895],
           [85.16927600727081, 27.000703049757853],
           [85.16936183795929, 27.000851220409192],
           [85.16947985515594, 27.00093725489132],
           [85.16956568584442, 27.00101850961957],
           [85.1696890674591, 27.001109323658113],
           [85.16982317790985, 27.00120013762333],
           [85.16993583068847, 27.001238375060435],
           [85.17008603439331, 27.001238375060435],
           [85.17024160251617, 27.001219256343507],
           [85.17033279762268, 27.001195357942773],
           [85.17056883201599, 27.001142781443317],
           [85.17065466270446, 27.001080645548605],
           [85.17077267990112, 27.00104718774493],
           [85.17083705291748, 27.00100417055414],
           [85.1708960615158, 27.000942034582845],
           [85.17101407871246, 27.000822542233834],
           [85.17115355358123, 27.000774745258674],
           [85.17122865543365, 27.000870339188683],
           [85.17127157077789, 27.000985051797404],
           [85.17131448612213, 27.001051967431774],
           [85.17141104564666, 27.001138001760317],
           [85.17144859657287, 27.001262273452006],
           [85.17148078308105, 27.001357866967524],
           [85.17148078308105, 27.001405663694833],
           [85.1714164100647, 27.001463019740747],
           [85.17130375728607, 27.00151081642334],
           [85.17123401985168, 27.001534714757003],
           [85.1710569940567, 27.001606409727568],
           [85.17098725662231, 27.001587291073214],
           [85.17090142593383, 27.001606409727568],
           [85.17083168849945, 27.001649426687955],
           [85.17067075595855, 27.001673324992154],
           [85.1705527387619, 27.001682884312427],
           [85.17046690807342, 27.00168288431243],
           [85.1703542552948, 27.001682884312427],
           [85.17025233135223, 27.00170678260952],
           [85.17013431415558, 27.001706782609524],
           [85.16997874603271, 27.00169244363188],
           [85.16992510185241, 27.001630308040927],
           [85.16980708465576, 27.001639867364833],
           [85.16973734722137, 27.001702002950513],
           [85.16966224536895, 27.001749799531527],
           [85.16956032142639, 27.001788036781694],
           [85.16951204166412, 27.001644647026488],
           [85.16949594841003, 27.001515596090492],
           [85.16942621097564, 27.001400884023]]]]);
